{
 "cells": [
  {
   "cell_type": "markdown",
   "metadata": {},
   "source": [
    "# Data cleaning and EDA"
   ]
  },
  {
   "cell_type": "code",
   "execution_count": 21,
   "metadata": {
    "collapsed": false
   },
   "outputs": [
    {
     "name": "stdout",
     "output_type": "stream",
     "text": [
      "\n"
     ]
    }
   ],
   "source": [
    "import pandas as pd\n",
    "import numpy as np\n",
    "from sklearn.preprocessing import OneHotEncoder\n",
    "from sklearn.cross_validation import train_test_split, cross_val_score\n",
    "from sklearn.linear_model import LogisticRegression, SGDClassifier\n",
    "from sklearn.neighbors import KNeighborsClassifier\n",
    "from sklearn.grid_search import GridSearchCV\n",
    "from sklearn.metrics import roc_curve, auc, classification_report, confusion_matrix, accuracy_score\n",
    "from sklearn.feature_selection import RFECV\n",
    "import matplotlib.pyplot as plt\n",
    "import seaborn as sns\n",
    "%matplotlib inline"
   ]
  },
  {
   "cell_type": "code",
   "execution_count": 3,
   "metadata": {
    "collapsed": false
   },
   "outputs": [
    {
     "data": {
      "text/plain": [
       "LIMIT_BAL                     0\n",
       "SEX                           0\n",
       "EDUCATION                     0\n",
       "MARRIAGE                      0\n",
       "AGE                           0\n",
       "PAY_0                         0\n",
       "PAY_2                         0\n",
       "PAY_3                         0\n",
       "PAY_4                         0\n",
       "PAY_5                         0\n",
       "PAY_6                         0\n",
       "BILL_AMT1                     0\n",
       "BILL_AMT2                     0\n",
       "BILL_AMT3                     0\n",
       "BILL_AMT4                     0\n",
       "BILL_AMT5                     0\n",
       "BILL_AMT6                     0\n",
       "PAY_AMT1                      0\n",
       "PAY_AMT2                      0\n",
       "PAY_AMT3                      0\n",
       "PAY_AMT4                      0\n",
       "PAY_AMT5                      0\n",
       "PAY_AMT6                      0\n",
       "default payment next month    0\n",
       "dtype: int64"
      ]
     },
     "execution_count": 3,
     "metadata": {},
     "output_type": "execute_result"
    }
   ],
   "source": [
    "# import data and check everything\n",
    "\n",
    "df = pd.read_csv('CreditDefault.csv', index_col='ID')\n",
    "df.head()\n",
    "df.dtypes\n",
    "df.shape\n",
    "df.isnull().sum()"
   ]
  },
  {
   "cell_type": "code",
   "execution_count": 4,
   "metadata": {
    "collapsed": true
   },
   "outputs": [],
   "source": [
    "# rename column for easy reference\n",
    "\n",
    "df.rename(columns={'default payment next month': 'default'}, inplace=True)\n",
    "df.columns=df.columns.str.lower()"
   ]
  },
  {
   "cell_type": "code",
   "execution_count": 24,
   "metadata": {
    "collapsed": false
   },
   "outputs": [
    {
     "data": {
      "text/plain": [
       "0.2212"
      ]
     },
     "execution_count": 24,
     "metadata": {},
     "output_type": "execute_result"
    }
   ],
   "source": [
    "# check the benchmark\n",
    "\n",
    "float(df.default.sum())/len(df.default)"
   ]
  },
  {
   "cell_type": "code",
   "execution_count": 6,
   "metadata": {
    "collapsed": false
   },
   "outputs": [
    {
     "data": {
      "text/html": [
       "<div>\n",
       "<table border=\"1\" class=\"dataframe\">\n",
       "  <thead>\n",
       "    <tr style=\"text-align: right;\">\n",
       "      <th></th>\n",
       "      <th>limit_bal</th>\n",
       "      <th>sex</th>\n",
       "      <th>education</th>\n",
       "      <th>marriage</th>\n",
       "      <th>age</th>\n",
       "      <th>pay_0</th>\n",
       "      <th>pay_2</th>\n",
       "      <th>pay_3</th>\n",
       "      <th>pay_4</th>\n",
       "      <th>pay_5</th>\n",
       "      <th>...</th>\n",
       "      <th>bill_amt4</th>\n",
       "      <th>bill_amt5</th>\n",
       "      <th>bill_amt6</th>\n",
       "      <th>pay_amt1</th>\n",
       "      <th>pay_amt2</th>\n",
       "      <th>pay_amt3</th>\n",
       "      <th>pay_amt4</th>\n",
       "      <th>pay_amt5</th>\n",
       "      <th>pay_amt6</th>\n",
       "      <th>default</th>\n",
       "    </tr>\n",
       "  </thead>\n",
       "  <tbody>\n",
       "    <tr>\n",
       "      <th>limit_bal</th>\n",
       "      <td>1.000000</td>\n",
       "      <td>0.024755</td>\n",
       "      <td>-0.219161</td>\n",
       "      <td>-0.108139</td>\n",
       "      <td>0.144713</td>\n",
       "      <td>-0.271214</td>\n",
       "      <td>-0.296382</td>\n",
       "      <td>-0.286123</td>\n",
       "      <td>-0.267460</td>\n",
       "      <td>-0.249411</td>\n",
       "      <td>...</td>\n",
       "      <td>0.293988</td>\n",
       "      <td>0.295562</td>\n",
       "      <td>0.290389</td>\n",
       "      <td>0.195236</td>\n",
       "      <td>0.178408</td>\n",
       "      <td>0.210167</td>\n",
       "      <td>0.203242</td>\n",
       "      <td>0.217202</td>\n",
       "      <td>0.219595</td>\n",
       "      <td>-0.153520</td>\n",
       "    </tr>\n",
       "    <tr>\n",
       "      <th>sex</th>\n",
       "      <td>0.024755</td>\n",
       "      <td>1.000000</td>\n",
       "      <td>0.014232</td>\n",
       "      <td>-0.031389</td>\n",
       "      <td>-0.090874</td>\n",
       "      <td>-0.057643</td>\n",
       "      <td>-0.070771</td>\n",
       "      <td>-0.066096</td>\n",
       "      <td>-0.060173</td>\n",
       "      <td>-0.055064</td>\n",
       "      <td>...</td>\n",
       "      <td>-0.021880</td>\n",
       "      <td>-0.017005</td>\n",
       "      <td>-0.016733</td>\n",
       "      <td>-0.000242</td>\n",
       "      <td>-0.001391</td>\n",
       "      <td>-0.008597</td>\n",
       "      <td>-0.002229</td>\n",
       "      <td>-0.001667</td>\n",
       "      <td>-0.002766</td>\n",
       "      <td>-0.039961</td>\n",
       "    </tr>\n",
       "    <tr>\n",
       "      <th>education</th>\n",
       "      <td>-0.219161</td>\n",
       "      <td>0.014232</td>\n",
       "      <td>1.000000</td>\n",
       "      <td>-0.143464</td>\n",
       "      <td>0.175061</td>\n",
       "      <td>0.105364</td>\n",
       "      <td>0.121566</td>\n",
       "      <td>0.114025</td>\n",
       "      <td>0.108793</td>\n",
       "      <td>0.097520</td>\n",
       "      <td>...</td>\n",
       "      <td>-0.000451</td>\n",
       "      <td>-0.007567</td>\n",
       "      <td>-0.009099</td>\n",
       "      <td>-0.037456</td>\n",
       "      <td>-0.030038</td>\n",
       "      <td>-0.039943</td>\n",
       "      <td>-0.038218</td>\n",
       "      <td>-0.040358</td>\n",
       "      <td>-0.037200</td>\n",
       "      <td>0.028006</td>\n",
       "    </tr>\n",
       "    <tr>\n",
       "      <th>marriage</th>\n",
       "      <td>-0.108139</td>\n",
       "      <td>-0.031389</td>\n",
       "      <td>-0.143464</td>\n",
       "      <td>1.000000</td>\n",
       "      <td>-0.414170</td>\n",
       "      <td>0.019917</td>\n",
       "      <td>0.024199</td>\n",
       "      <td>0.032688</td>\n",
       "      <td>0.033122</td>\n",
       "      <td>0.035629</td>\n",
       "      <td>...</td>\n",
       "      <td>-0.023344</td>\n",
       "      <td>-0.025393</td>\n",
       "      <td>-0.021207</td>\n",
       "      <td>-0.005979</td>\n",
       "      <td>-0.008093</td>\n",
       "      <td>-0.003541</td>\n",
       "      <td>-0.012659</td>\n",
       "      <td>-0.001205</td>\n",
       "      <td>-0.006641</td>\n",
       "      <td>-0.024339</td>\n",
       "    </tr>\n",
       "    <tr>\n",
       "      <th>age</th>\n",
       "      <td>0.144713</td>\n",
       "      <td>-0.090874</td>\n",
       "      <td>0.175061</td>\n",
       "      <td>-0.414170</td>\n",
       "      <td>1.000000</td>\n",
       "      <td>-0.039447</td>\n",
       "      <td>-0.050148</td>\n",
       "      <td>-0.053048</td>\n",
       "      <td>-0.049722</td>\n",
       "      <td>-0.053826</td>\n",
       "      <td>...</td>\n",
       "      <td>0.051353</td>\n",
       "      <td>0.049345</td>\n",
       "      <td>0.047613</td>\n",
       "      <td>0.026147</td>\n",
       "      <td>0.021785</td>\n",
       "      <td>0.029247</td>\n",
       "      <td>0.021379</td>\n",
       "      <td>0.022850</td>\n",
       "      <td>0.019478</td>\n",
       "      <td>0.013890</td>\n",
       "    </tr>\n",
       "    <tr>\n",
       "      <th>pay_0</th>\n",
       "      <td>-0.271214</td>\n",
       "      <td>-0.057643</td>\n",
       "      <td>0.105364</td>\n",
       "      <td>0.019917</td>\n",
       "      <td>-0.039447</td>\n",
       "      <td>1.000000</td>\n",
       "      <td>0.672164</td>\n",
       "      <td>0.574245</td>\n",
       "      <td>0.538841</td>\n",
       "      <td>0.509426</td>\n",
       "      <td>...</td>\n",
       "      <td>0.179125</td>\n",
       "      <td>0.180635</td>\n",
       "      <td>0.176980</td>\n",
       "      <td>-0.079269</td>\n",
       "      <td>-0.070101</td>\n",
       "      <td>-0.070561</td>\n",
       "      <td>-0.064005</td>\n",
       "      <td>-0.058190</td>\n",
       "      <td>-0.058673</td>\n",
       "      <td>0.324794</td>\n",
       "    </tr>\n",
       "    <tr>\n",
       "      <th>pay_2</th>\n",
       "      <td>-0.296382</td>\n",
       "      <td>-0.070771</td>\n",
       "      <td>0.121566</td>\n",
       "      <td>0.024199</td>\n",
       "      <td>-0.050148</td>\n",
       "      <td>0.672164</td>\n",
       "      <td>1.000000</td>\n",
       "      <td>0.766552</td>\n",
       "      <td>0.662067</td>\n",
       "      <td>0.622780</td>\n",
       "      <td>...</td>\n",
       "      <td>0.222237</td>\n",
       "      <td>0.221348</td>\n",
       "      <td>0.219403</td>\n",
       "      <td>-0.080701</td>\n",
       "      <td>-0.058990</td>\n",
       "      <td>-0.055901</td>\n",
       "      <td>-0.046858</td>\n",
       "      <td>-0.037093</td>\n",
       "      <td>-0.036500</td>\n",
       "      <td>0.263551</td>\n",
       "    </tr>\n",
       "    <tr>\n",
       "      <th>pay_3</th>\n",
       "      <td>-0.286123</td>\n",
       "      <td>-0.066096</td>\n",
       "      <td>0.114025</td>\n",
       "      <td>0.032688</td>\n",
       "      <td>-0.053048</td>\n",
       "      <td>0.574245</td>\n",
       "      <td>0.766552</td>\n",
       "      <td>1.000000</td>\n",
       "      <td>0.777359</td>\n",
       "      <td>0.686775</td>\n",
       "      <td>...</td>\n",
       "      <td>0.227202</td>\n",
       "      <td>0.225145</td>\n",
       "      <td>0.222327</td>\n",
       "      <td>0.001295</td>\n",
       "      <td>-0.066793</td>\n",
       "      <td>-0.053311</td>\n",
       "      <td>-0.046067</td>\n",
       "      <td>-0.035863</td>\n",
       "      <td>-0.035861</td>\n",
       "      <td>0.235253</td>\n",
       "    </tr>\n",
       "    <tr>\n",
       "      <th>pay_4</th>\n",
       "      <td>-0.267460</td>\n",
       "      <td>-0.060173</td>\n",
       "      <td>0.108793</td>\n",
       "      <td>0.033122</td>\n",
       "      <td>-0.049722</td>\n",
       "      <td>0.538841</td>\n",
       "      <td>0.662067</td>\n",
       "      <td>0.777359</td>\n",
       "      <td>1.000000</td>\n",
       "      <td>0.819835</td>\n",
       "      <td>...</td>\n",
       "      <td>0.245917</td>\n",
       "      <td>0.242902</td>\n",
       "      <td>0.239154</td>\n",
       "      <td>-0.009362</td>\n",
       "      <td>-0.001944</td>\n",
       "      <td>-0.069235</td>\n",
       "      <td>-0.043461</td>\n",
       "      <td>-0.033590</td>\n",
       "      <td>-0.026565</td>\n",
       "      <td>0.216614</td>\n",
       "    </tr>\n",
       "    <tr>\n",
       "      <th>pay_5</th>\n",
       "      <td>-0.249411</td>\n",
       "      <td>-0.055064</td>\n",
       "      <td>0.097520</td>\n",
       "      <td>0.035629</td>\n",
       "      <td>-0.053826</td>\n",
       "      <td>0.509426</td>\n",
       "      <td>0.622780</td>\n",
       "      <td>0.686775</td>\n",
       "      <td>0.819835</td>\n",
       "      <td>1.000000</td>\n",
       "      <td>...</td>\n",
       "      <td>0.271915</td>\n",
       "      <td>0.269783</td>\n",
       "      <td>0.262509</td>\n",
       "      <td>-0.006089</td>\n",
       "      <td>-0.003191</td>\n",
       "      <td>0.009062</td>\n",
       "      <td>-0.058299</td>\n",
       "      <td>-0.033337</td>\n",
       "      <td>-0.023027</td>\n",
       "      <td>0.204149</td>\n",
       "    </tr>\n",
       "    <tr>\n",
       "      <th>pay_6</th>\n",
       "      <td>-0.235195</td>\n",
       "      <td>-0.044008</td>\n",
       "      <td>0.082316</td>\n",
       "      <td>0.034345</td>\n",
       "      <td>-0.048773</td>\n",
       "      <td>0.474553</td>\n",
       "      <td>0.575501</td>\n",
       "      <td>0.632684</td>\n",
       "      <td>0.716449</td>\n",
       "      <td>0.816900</td>\n",
       "      <td>...</td>\n",
       "      <td>0.266356</td>\n",
       "      <td>0.290894</td>\n",
       "      <td>0.285091</td>\n",
       "      <td>-0.001496</td>\n",
       "      <td>-0.005223</td>\n",
       "      <td>0.005834</td>\n",
       "      <td>0.019018</td>\n",
       "      <td>-0.046434</td>\n",
       "      <td>-0.025299</td>\n",
       "      <td>0.186866</td>\n",
       "    </tr>\n",
       "    <tr>\n",
       "      <th>bill_amt1</th>\n",
       "      <td>0.285430</td>\n",
       "      <td>-0.033642</td>\n",
       "      <td>0.023581</td>\n",
       "      <td>-0.023472</td>\n",
       "      <td>0.056239</td>\n",
       "      <td>0.187068</td>\n",
       "      <td>0.234887</td>\n",
       "      <td>0.208473</td>\n",
       "      <td>0.202812</td>\n",
       "      <td>0.206684</td>\n",
       "      <td>...</td>\n",
       "      <td>0.860272</td>\n",
       "      <td>0.829779</td>\n",
       "      <td>0.802650</td>\n",
       "      <td>0.140277</td>\n",
       "      <td>0.099355</td>\n",
       "      <td>0.156887</td>\n",
       "      <td>0.158303</td>\n",
       "      <td>0.167026</td>\n",
       "      <td>0.179341</td>\n",
       "      <td>-0.019644</td>\n",
       "    </tr>\n",
       "    <tr>\n",
       "      <th>bill_amt2</th>\n",
       "      <td>0.278314</td>\n",
       "      <td>-0.031183</td>\n",
       "      <td>0.018749</td>\n",
       "      <td>-0.021602</td>\n",
       "      <td>0.054283</td>\n",
       "      <td>0.189859</td>\n",
       "      <td>0.235257</td>\n",
       "      <td>0.237295</td>\n",
       "      <td>0.225816</td>\n",
       "      <td>0.226913</td>\n",
       "      <td>...</td>\n",
       "      <td>0.892482</td>\n",
       "      <td>0.859778</td>\n",
       "      <td>0.831594</td>\n",
       "      <td>0.280365</td>\n",
       "      <td>0.100851</td>\n",
       "      <td>0.150718</td>\n",
       "      <td>0.147398</td>\n",
       "      <td>0.157957</td>\n",
       "      <td>0.174256</td>\n",
       "      <td>-0.014193</td>\n",
       "    </tr>\n",
       "    <tr>\n",
       "      <th>bill_amt3</th>\n",
       "      <td>0.283236</td>\n",
       "      <td>-0.024563</td>\n",
       "      <td>0.013002</td>\n",
       "      <td>-0.024909</td>\n",
       "      <td>0.053710</td>\n",
       "      <td>0.179785</td>\n",
       "      <td>0.224146</td>\n",
       "      <td>0.227494</td>\n",
       "      <td>0.244983</td>\n",
       "      <td>0.243335</td>\n",
       "      <td>...</td>\n",
       "      <td>0.923969</td>\n",
       "      <td>0.883910</td>\n",
       "      <td>0.853320</td>\n",
       "      <td>0.244335</td>\n",
       "      <td>0.316936</td>\n",
       "      <td>0.130011</td>\n",
       "      <td>0.143405</td>\n",
       "      <td>0.179712</td>\n",
       "      <td>0.182326</td>\n",
       "      <td>-0.014076</td>\n",
       "    </tr>\n",
       "    <tr>\n",
       "      <th>bill_amt4</th>\n",
       "      <td>0.293988</td>\n",
       "      <td>-0.021880</td>\n",
       "      <td>-0.000451</td>\n",
       "      <td>-0.023344</td>\n",
       "      <td>0.051353</td>\n",
       "      <td>0.179125</td>\n",
       "      <td>0.222237</td>\n",
       "      <td>0.227202</td>\n",
       "      <td>0.245917</td>\n",
       "      <td>0.271915</td>\n",
       "      <td>...</td>\n",
       "      <td>1.000000</td>\n",
       "      <td>0.940134</td>\n",
       "      <td>0.900941</td>\n",
       "      <td>0.233012</td>\n",
       "      <td>0.207564</td>\n",
       "      <td>0.300023</td>\n",
       "      <td>0.130191</td>\n",
       "      <td>0.160433</td>\n",
       "      <td>0.177637</td>\n",
       "      <td>-0.010156</td>\n",
       "    </tr>\n",
       "    <tr>\n",
       "      <th>bill_amt5</th>\n",
       "      <td>0.295562</td>\n",
       "      <td>-0.017005</td>\n",
       "      <td>-0.007567</td>\n",
       "      <td>-0.025393</td>\n",
       "      <td>0.049345</td>\n",
       "      <td>0.180635</td>\n",
       "      <td>0.221348</td>\n",
       "      <td>0.225145</td>\n",
       "      <td>0.242902</td>\n",
       "      <td>0.269783</td>\n",
       "      <td>...</td>\n",
       "      <td>0.940134</td>\n",
       "      <td>1.000000</td>\n",
       "      <td>0.946197</td>\n",
       "      <td>0.217031</td>\n",
       "      <td>0.181246</td>\n",
       "      <td>0.252305</td>\n",
       "      <td>0.293118</td>\n",
       "      <td>0.141574</td>\n",
       "      <td>0.164184</td>\n",
       "      <td>-0.006760</td>\n",
       "    </tr>\n",
       "    <tr>\n",
       "      <th>bill_amt6</th>\n",
       "      <td>0.290389</td>\n",
       "      <td>-0.016733</td>\n",
       "      <td>-0.009099</td>\n",
       "      <td>-0.021207</td>\n",
       "      <td>0.047613</td>\n",
       "      <td>0.176980</td>\n",
       "      <td>0.219403</td>\n",
       "      <td>0.222327</td>\n",
       "      <td>0.239154</td>\n",
       "      <td>0.262509</td>\n",
       "      <td>...</td>\n",
       "      <td>0.900941</td>\n",
       "      <td>0.946197</td>\n",
       "      <td>1.000000</td>\n",
       "      <td>0.199965</td>\n",
       "      <td>0.172663</td>\n",
       "      <td>0.233770</td>\n",
       "      <td>0.250237</td>\n",
       "      <td>0.307729</td>\n",
       "      <td>0.115494</td>\n",
       "      <td>-0.005372</td>\n",
       "    </tr>\n",
       "    <tr>\n",
       "      <th>pay_amt1</th>\n",
       "      <td>0.195236</td>\n",
       "      <td>-0.000242</td>\n",
       "      <td>-0.037456</td>\n",
       "      <td>-0.005979</td>\n",
       "      <td>0.026147</td>\n",
       "      <td>-0.079269</td>\n",
       "      <td>-0.080701</td>\n",
       "      <td>0.001295</td>\n",
       "      <td>-0.009362</td>\n",
       "      <td>-0.006089</td>\n",
       "      <td>...</td>\n",
       "      <td>0.233012</td>\n",
       "      <td>0.217031</td>\n",
       "      <td>0.199965</td>\n",
       "      <td>1.000000</td>\n",
       "      <td>0.285576</td>\n",
       "      <td>0.252191</td>\n",
       "      <td>0.199558</td>\n",
       "      <td>0.148459</td>\n",
       "      <td>0.185735</td>\n",
       "      <td>-0.072929</td>\n",
       "    </tr>\n",
       "    <tr>\n",
       "      <th>pay_amt2</th>\n",
       "      <td>0.178408</td>\n",
       "      <td>-0.001391</td>\n",
       "      <td>-0.030038</td>\n",
       "      <td>-0.008093</td>\n",
       "      <td>0.021785</td>\n",
       "      <td>-0.070101</td>\n",
       "      <td>-0.058990</td>\n",
       "      <td>-0.066793</td>\n",
       "      <td>-0.001944</td>\n",
       "      <td>-0.003191</td>\n",
       "      <td>...</td>\n",
       "      <td>0.207564</td>\n",
       "      <td>0.181246</td>\n",
       "      <td>0.172663</td>\n",
       "      <td>0.285576</td>\n",
       "      <td>1.000000</td>\n",
       "      <td>0.244770</td>\n",
       "      <td>0.180107</td>\n",
       "      <td>0.180908</td>\n",
       "      <td>0.157634</td>\n",
       "      <td>-0.058579</td>\n",
       "    </tr>\n",
       "    <tr>\n",
       "      <th>pay_amt3</th>\n",
       "      <td>0.210167</td>\n",
       "      <td>-0.008597</td>\n",
       "      <td>-0.039943</td>\n",
       "      <td>-0.003541</td>\n",
       "      <td>0.029247</td>\n",
       "      <td>-0.070561</td>\n",
       "      <td>-0.055901</td>\n",
       "      <td>-0.053311</td>\n",
       "      <td>-0.069235</td>\n",
       "      <td>0.009062</td>\n",
       "      <td>...</td>\n",
       "      <td>0.300023</td>\n",
       "      <td>0.252305</td>\n",
       "      <td>0.233770</td>\n",
       "      <td>0.252191</td>\n",
       "      <td>0.244770</td>\n",
       "      <td>1.000000</td>\n",
       "      <td>0.216325</td>\n",
       "      <td>0.159214</td>\n",
       "      <td>0.162740</td>\n",
       "      <td>-0.056250</td>\n",
       "    </tr>\n",
       "    <tr>\n",
       "      <th>pay_amt4</th>\n",
       "      <td>0.203242</td>\n",
       "      <td>-0.002229</td>\n",
       "      <td>-0.038218</td>\n",
       "      <td>-0.012659</td>\n",
       "      <td>0.021379</td>\n",
       "      <td>-0.064005</td>\n",
       "      <td>-0.046858</td>\n",
       "      <td>-0.046067</td>\n",
       "      <td>-0.043461</td>\n",
       "      <td>-0.058299</td>\n",
       "      <td>...</td>\n",
       "      <td>0.130191</td>\n",
       "      <td>0.293118</td>\n",
       "      <td>0.250237</td>\n",
       "      <td>0.199558</td>\n",
       "      <td>0.180107</td>\n",
       "      <td>0.216325</td>\n",
       "      <td>1.000000</td>\n",
       "      <td>0.151830</td>\n",
       "      <td>0.157834</td>\n",
       "      <td>-0.056827</td>\n",
       "    </tr>\n",
       "    <tr>\n",
       "      <th>pay_amt5</th>\n",
       "      <td>0.217202</td>\n",
       "      <td>-0.001667</td>\n",
       "      <td>-0.040358</td>\n",
       "      <td>-0.001205</td>\n",
       "      <td>0.022850</td>\n",
       "      <td>-0.058190</td>\n",
       "      <td>-0.037093</td>\n",
       "      <td>-0.035863</td>\n",
       "      <td>-0.033590</td>\n",
       "      <td>-0.033337</td>\n",
       "      <td>...</td>\n",
       "      <td>0.160433</td>\n",
       "      <td>0.141574</td>\n",
       "      <td>0.307729</td>\n",
       "      <td>0.148459</td>\n",
       "      <td>0.180908</td>\n",
       "      <td>0.159214</td>\n",
       "      <td>0.151830</td>\n",
       "      <td>1.000000</td>\n",
       "      <td>0.154896</td>\n",
       "      <td>-0.055124</td>\n",
       "    </tr>\n",
       "    <tr>\n",
       "      <th>pay_amt6</th>\n",
       "      <td>0.219595</td>\n",
       "      <td>-0.002766</td>\n",
       "      <td>-0.037200</td>\n",
       "      <td>-0.006641</td>\n",
       "      <td>0.019478</td>\n",
       "      <td>-0.058673</td>\n",
       "      <td>-0.036500</td>\n",
       "      <td>-0.035861</td>\n",
       "      <td>-0.026565</td>\n",
       "      <td>-0.023027</td>\n",
       "      <td>...</td>\n",
       "      <td>0.177637</td>\n",
       "      <td>0.164184</td>\n",
       "      <td>0.115494</td>\n",
       "      <td>0.185735</td>\n",
       "      <td>0.157634</td>\n",
       "      <td>0.162740</td>\n",
       "      <td>0.157834</td>\n",
       "      <td>0.154896</td>\n",
       "      <td>1.000000</td>\n",
       "      <td>-0.053183</td>\n",
       "    </tr>\n",
       "    <tr>\n",
       "      <th>default</th>\n",
       "      <td>-0.153520</td>\n",
       "      <td>-0.039961</td>\n",
       "      <td>0.028006</td>\n",
       "      <td>-0.024339</td>\n",
       "      <td>0.013890</td>\n",
       "      <td>0.324794</td>\n",
       "      <td>0.263551</td>\n",
       "      <td>0.235253</td>\n",
       "      <td>0.216614</td>\n",
       "      <td>0.204149</td>\n",
       "      <td>...</td>\n",
       "      <td>-0.010156</td>\n",
       "      <td>-0.006760</td>\n",
       "      <td>-0.005372</td>\n",
       "      <td>-0.072929</td>\n",
       "      <td>-0.058579</td>\n",
       "      <td>-0.056250</td>\n",
       "      <td>-0.056827</td>\n",
       "      <td>-0.055124</td>\n",
       "      <td>-0.053183</td>\n",
       "      <td>1.000000</td>\n",
       "    </tr>\n",
       "  </tbody>\n",
       "</table>\n",
       "<p>24 rows × 24 columns</p>\n",
       "</div>"
      ],
      "text/plain": [
       "           limit_bal       sex  education  marriage       age     pay_0  \\\n",
       "limit_bal   1.000000  0.024755  -0.219161 -0.108139  0.144713 -0.271214   \n",
       "sex         0.024755  1.000000   0.014232 -0.031389 -0.090874 -0.057643   \n",
       "education  -0.219161  0.014232   1.000000 -0.143464  0.175061  0.105364   \n",
       "marriage   -0.108139 -0.031389  -0.143464  1.000000 -0.414170  0.019917   \n",
       "age         0.144713 -0.090874   0.175061 -0.414170  1.000000 -0.039447   \n",
       "pay_0      -0.271214 -0.057643   0.105364  0.019917 -0.039447  1.000000   \n",
       "pay_2      -0.296382 -0.070771   0.121566  0.024199 -0.050148  0.672164   \n",
       "pay_3      -0.286123 -0.066096   0.114025  0.032688 -0.053048  0.574245   \n",
       "pay_4      -0.267460 -0.060173   0.108793  0.033122 -0.049722  0.538841   \n",
       "pay_5      -0.249411 -0.055064   0.097520  0.035629 -0.053826  0.509426   \n",
       "pay_6      -0.235195 -0.044008   0.082316  0.034345 -0.048773  0.474553   \n",
       "bill_amt1   0.285430 -0.033642   0.023581 -0.023472  0.056239  0.187068   \n",
       "bill_amt2   0.278314 -0.031183   0.018749 -0.021602  0.054283  0.189859   \n",
       "bill_amt3   0.283236 -0.024563   0.013002 -0.024909  0.053710  0.179785   \n",
       "bill_amt4   0.293988 -0.021880  -0.000451 -0.023344  0.051353  0.179125   \n",
       "bill_amt5   0.295562 -0.017005  -0.007567 -0.025393  0.049345  0.180635   \n",
       "bill_amt6   0.290389 -0.016733  -0.009099 -0.021207  0.047613  0.176980   \n",
       "pay_amt1    0.195236 -0.000242  -0.037456 -0.005979  0.026147 -0.079269   \n",
       "pay_amt2    0.178408 -0.001391  -0.030038 -0.008093  0.021785 -0.070101   \n",
       "pay_amt3    0.210167 -0.008597  -0.039943 -0.003541  0.029247 -0.070561   \n",
       "pay_amt4    0.203242 -0.002229  -0.038218 -0.012659  0.021379 -0.064005   \n",
       "pay_amt5    0.217202 -0.001667  -0.040358 -0.001205  0.022850 -0.058190   \n",
       "pay_amt6    0.219595 -0.002766  -0.037200 -0.006641  0.019478 -0.058673   \n",
       "default    -0.153520 -0.039961   0.028006 -0.024339  0.013890  0.324794   \n",
       "\n",
       "              pay_2     pay_3     pay_4     pay_5    ...     bill_amt4  \\\n",
       "limit_bal -0.296382 -0.286123 -0.267460 -0.249411    ...      0.293988   \n",
       "sex       -0.070771 -0.066096 -0.060173 -0.055064    ...     -0.021880   \n",
       "education  0.121566  0.114025  0.108793  0.097520    ...     -0.000451   \n",
       "marriage   0.024199  0.032688  0.033122  0.035629    ...     -0.023344   \n",
       "age       -0.050148 -0.053048 -0.049722 -0.053826    ...      0.051353   \n",
       "pay_0      0.672164  0.574245  0.538841  0.509426    ...      0.179125   \n",
       "pay_2      1.000000  0.766552  0.662067  0.622780    ...      0.222237   \n",
       "pay_3      0.766552  1.000000  0.777359  0.686775    ...      0.227202   \n",
       "pay_4      0.662067  0.777359  1.000000  0.819835    ...      0.245917   \n",
       "pay_5      0.622780  0.686775  0.819835  1.000000    ...      0.271915   \n",
       "pay_6      0.575501  0.632684  0.716449  0.816900    ...      0.266356   \n",
       "bill_amt1  0.234887  0.208473  0.202812  0.206684    ...      0.860272   \n",
       "bill_amt2  0.235257  0.237295  0.225816  0.226913    ...      0.892482   \n",
       "bill_amt3  0.224146  0.227494  0.244983  0.243335    ...      0.923969   \n",
       "bill_amt4  0.222237  0.227202  0.245917  0.271915    ...      1.000000   \n",
       "bill_amt5  0.221348  0.225145  0.242902  0.269783    ...      0.940134   \n",
       "bill_amt6  0.219403  0.222327  0.239154  0.262509    ...      0.900941   \n",
       "pay_amt1  -0.080701  0.001295 -0.009362 -0.006089    ...      0.233012   \n",
       "pay_amt2  -0.058990 -0.066793 -0.001944 -0.003191    ...      0.207564   \n",
       "pay_amt3  -0.055901 -0.053311 -0.069235  0.009062    ...      0.300023   \n",
       "pay_amt4  -0.046858 -0.046067 -0.043461 -0.058299    ...      0.130191   \n",
       "pay_amt5  -0.037093 -0.035863 -0.033590 -0.033337    ...      0.160433   \n",
       "pay_amt6  -0.036500 -0.035861 -0.026565 -0.023027    ...      0.177637   \n",
       "default    0.263551  0.235253  0.216614  0.204149    ...     -0.010156   \n",
       "\n",
       "           bill_amt5  bill_amt6  pay_amt1  pay_amt2  pay_amt3  pay_amt4  \\\n",
       "limit_bal   0.295562   0.290389  0.195236  0.178408  0.210167  0.203242   \n",
       "sex        -0.017005  -0.016733 -0.000242 -0.001391 -0.008597 -0.002229   \n",
       "education  -0.007567  -0.009099 -0.037456 -0.030038 -0.039943 -0.038218   \n",
       "marriage   -0.025393  -0.021207 -0.005979 -0.008093 -0.003541 -0.012659   \n",
       "age         0.049345   0.047613  0.026147  0.021785  0.029247  0.021379   \n",
       "pay_0       0.180635   0.176980 -0.079269 -0.070101 -0.070561 -0.064005   \n",
       "pay_2       0.221348   0.219403 -0.080701 -0.058990 -0.055901 -0.046858   \n",
       "pay_3       0.225145   0.222327  0.001295 -0.066793 -0.053311 -0.046067   \n",
       "pay_4       0.242902   0.239154 -0.009362 -0.001944 -0.069235 -0.043461   \n",
       "pay_5       0.269783   0.262509 -0.006089 -0.003191  0.009062 -0.058299   \n",
       "pay_6       0.290894   0.285091 -0.001496 -0.005223  0.005834  0.019018   \n",
       "bill_amt1   0.829779   0.802650  0.140277  0.099355  0.156887  0.158303   \n",
       "bill_amt2   0.859778   0.831594  0.280365  0.100851  0.150718  0.147398   \n",
       "bill_amt3   0.883910   0.853320  0.244335  0.316936  0.130011  0.143405   \n",
       "bill_amt4   0.940134   0.900941  0.233012  0.207564  0.300023  0.130191   \n",
       "bill_amt5   1.000000   0.946197  0.217031  0.181246  0.252305  0.293118   \n",
       "bill_amt6   0.946197   1.000000  0.199965  0.172663  0.233770  0.250237   \n",
       "pay_amt1    0.217031   0.199965  1.000000  0.285576  0.252191  0.199558   \n",
       "pay_amt2    0.181246   0.172663  0.285576  1.000000  0.244770  0.180107   \n",
       "pay_amt3    0.252305   0.233770  0.252191  0.244770  1.000000  0.216325   \n",
       "pay_amt4    0.293118   0.250237  0.199558  0.180107  0.216325  1.000000   \n",
       "pay_amt5    0.141574   0.307729  0.148459  0.180908  0.159214  0.151830   \n",
       "pay_amt6    0.164184   0.115494  0.185735  0.157634  0.162740  0.157834   \n",
       "default    -0.006760  -0.005372 -0.072929 -0.058579 -0.056250 -0.056827   \n",
       "\n",
       "           pay_amt5  pay_amt6   default  \n",
       "limit_bal  0.217202  0.219595 -0.153520  \n",
       "sex       -0.001667 -0.002766 -0.039961  \n",
       "education -0.040358 -0.037200  0.028006  \n",
       "marriage  -0.001205 -0.006641 -0.024339  \n",
       "age        0.022850  0.019478  0.013890  \n",
       "pay_0     -0.058190 -0.058673  0.324794  \n",
       "pay_2     -0.037093 -0.036500  0.263551  \n",
       "pay_3     -0.035863 -0.035861  0.235253  \n",
       "pay_4     -0.033590 -0.026565  0.216614  \n",
       "pay_5     -0.033337 -0.023027  0.204149  \n",
       "pay_6     -0.046434 -0.025299  0.186866  \n",
       "bill_amt1  0.167026  0.179341 -0.019644  \n",
       "bill_amt2  0.157957  0.174256 -0.014193  \n",
       "bill_amt3  0.179712  0.182326 -0.014076  \n",
       "bill_amt4  0.160433  0.177637 -0.010156  \n",
       "bill_amt5  0.141574  0.164184 -0.006760  \n",
       "bill_amt6  0.307729  0.115494 -0.005372  \n",
       "pay_amt1   0.148459  0.185735 -0.072929  \n",
       "pay_amt2   0.180908  0.157634 -0.058579  \n",
       "pay_amt3   0.159214  0.162740 -0.056250  \n",
       "pay_amt4   0.151830  0.157834 -0.056827  \n",
       "pay_amt5   1.000000  0.154896 -0.055124  \n",
       "pay_amt6   0.154896  1.000000 -0.053183  \n",
       "default   -0.055124 -0.053183  1.000000  \n",
       "\n",
       "[24 rows x 24 columns]"
      ]
     },
     "execution_count": 6,
     "metadata": {},
     "output_type": "execute_result"
    }
   ],
   "source": [
    "# by looking at the column names, there might be multicollinearity issues here,\n",
    "# so check the correlation matrix to confirm\n",
    "\n",
    "df.corr()"
   ]
  },
  {
   "cell_type": "code",
   "execution_count": 7,
   "metadata": {
    "collapsed": false
   },
   "outputs": [
    {
     "data": {
      "text/plain": [
       "<seaborn.axisgrid.PairGrid at 0x1043f6650>"
      ]
     },
     "execution_count": 7,
     "metadata": {},
     "output_type": "execute_result"
    },
    {
     "data": {
